Protein	pval_Zika	pval_IgM	pval_GenderMale	pval_RaceIndo	pval_Days_since_onset_corrected	pval_Age	coef_Zika	coef_IgM	coef_GenderMale	coef_RaceIndo	coef_Days_since_onset_corrected	coef_Age
P02671	0.00016	0.00668	0.44542	0.20254	0.80274	0.51847	-2.61	-1.64	0.32	0.62	-0.02	-0.02
P02679;P02679-2	0.00016	0.00092	0.46601	0.39775	0.69781	0.33817	-6.06	-4.33	0.67	-0.99	-0.06	-0.08
P02775	0.00016	0.00021	0.1772	0.35429	0.91266	0.37429	1.68	1.52	0.37	-0.29	0	0.02
P36955	0.00017	3.00E-04	0.61414	0.87652	0.83682	0.12105	0.78	0.69	-0.06	-0.02	0	0.02
P02675	2.00E-04	9.00E-04	0.69196	0.87408	0.97214	0.54983	-5.14	-3.82	0.3	-0.15	0	-0.04
P10720	0.00021	0.01002	0.12488	0.47647	0.12113	0.1066	2.06	1.34	-0.5	0.25	0.08	0.05
P00740	0.00043	6.00E-04	0.03088	0.84588	0.76109	0.11706	1.08	0.96	0.41	-0.04	-0.01	0.03
Q14624	0.00047	5.00E-05	0.79193	0.45653	0.70339	0.09755	0.56	0.62	0.03	0.09	-0.01	0.01
P07357	0.00059	1.00E-05	0.77632	0.37216	0.90516	0.12173	0.78	0.95	-0.04	0.15	0	0.02
P02790	0.00082	0.00233	0.4202	0.65852	0.79803	0.58641	1.19	0.98	-0.18	0.11	0.01	0.01
P01024	0.00163	1.00E-04	0.68379	0.8696	0.5913	0.16344	0.96	1.12	0.08	-0.04	-0.02	0.02
P01031	0.00229	0.00132	0.1084	0.97826	0.88009	0.29342	0.91	0.88	-0.3	0.01	0	0.02
A0A0A0MS14	0.00431	0.14833	0.90417	0.01731	0.24821	0.70584	-0.89	-0.4	0.02	-0.56	-0.04	0.01
P02760	0.0045	0.01538	0.24154	0.29808	0.41921	0.06111	0.76	0.58	-0.2	0.2	0.02	0.03
A0A0C4DH68	0.00476	0.06123	0.70887	0.45921	0.17157	0.34726	1.25	0.76	-0.1	0.23	0.06	0.02
P0C0L5	0.00545	0.00364	0.26592	0.65295	0.84228	0.74161	0.9	0.87	-0.23	0.11	-0.01	0.01
P00738	0.00562	0.00091	0.19659	0.98957	0.19715	0.06189	1.37	1.54	0.41	0	-0.06	-0.05
E7ER44;P02788	0.00565	0.00726	0.27598	0.93169	0.70055	0.15236	1.63	1.55	-0.39	-0.03	0.02	0.05
P05109	0.00589	0.04715	0.91996	0.83981	0.21078	0.75993	1.67	1.16	-0.04	-0.09	0.08	0.01
P01721	0.00742	0.03012	0.47796	0.13207	0.05108	0.74768	-1.25	-0.99	-0.2	-0.46	0.08	-0.01
P02766	0.00749	0.2542	0.82425	0.69418	0.80085	0.37418	0.82	0.31	-0.04	-0.09	0.01	0.02
P06396	0.00788	0.70237	0.62835	0.94722	0.50036	0.75295	0.47	-0.06	-0.05	0.01	0.01	0
Q9UEU0;Q9UEU0-2	0.00805	0.01037	0.81021	0.08002	0.22041	0.90885	-1.14	-1.05	-0.06	0.56	-0.05	0
P35858;P35858-2	0.00885	0.0153	0.26218	0.63674	0.84572	0.17897	1.79	1.51	-0.49	0.24	-0.01	0.05
A0A0G2JMI3	0.00886	0.08273	0.75277	0.80669	0.62713	0.91948	-1.05	-0.56	0.08	-0.08	0.02	0
P80108	0.00955	0.12603	0.86001	0.45895	0.63233	0.24886	0.91	0.48	-0.04	-0.19	0.02	0.02
P02647	0.01024	0.04355	0.18836	0.50263	0.62615	0.26828	2.17	1.54	-0.71	0.42	-0.04	0.05
P59665;P59666	0.01055	0.00695	0.27617	0.4104	0.44024	0.96025	1.79	1.7	0.47	0.41	0.05	0
Q14520;Q14520-2	0.01106	0.01877	0.0064	0.66891	0.9006	0.13595	0.47	0.39	-0.33	0.06	0	0.02
P02743	0.0111	0.02164	0.91945	0.953	0.62082	0.47949	0.59	0.49	-0.01	0.01	0.01	0.01
O75636	0.01146	0.0244	0.02855	0.70565	0.99192	0.50937	0.92	0.75	-0.52	0.1	0	0.01
P10909;P10909-2;P10909-4;P10909-5	0.01273	0.11771	0.31441	0.40966	0.63316	0.28635	1.1	0.62	-0.28	0.27	-0.02	0.03
I3L145;P04278	0.01274	0.312	0.85736	0.78698	0.4936	0.33098	-1.18	-0.43	0.05	0.09	-0.03	0.03
P01011	0.01403	0.00057	0.79594	0.61359	0.97878	0.62298	0.91	1.22	-0.06	0.14	0	0.01
P05546	0.01502	0.03517	0.72039	0.41843	0.90145	0.42455	0.77	0.61	-0.07	0.19	0	0.01
P01009	0.01514	0.00501	0.36324	0.85312	0.82159	0.63817	2.02	2.17	-0.48	0.11	0.02	0.02
P00742	0.01525	0.0072	0.0681	0.40746	0.84606	0.00313	0.37	0.38	-0.18	0.09	0	0.03
P01859	0.01726	0.22993	0.46511	0.45782	0.03139	0.97662	0.59	0.27	-0.12	0.14	0.06	0
P13671	0.01889	0.19763	0.37029	0.52482	0.27207	0.77375	-0.27	-0.13	0.07	-0.05	-0.01	0
P02748	0.01954	0.00047	0.89286	0.82049	0.47114	0.92938	0.85	1.22	0.03	0.06	0.03	0
P07996	0.0197	0.0369	0.20877	0.44249	0.5751	0.08103	1.21	1.01	-0.41	-0.28	-0.03	0.05
A0A087WSY5;Q96IY4	0.01974	0.07093	0.60908	0.9302	0.15216	0.05946	0.67	0.47	-0.09	-0.02	0.04	0.03
P00918	0.02031	0.56916	0.39603	0.86704	0.6804	0.75878	1.12	0.23	0.23	-0.05	0.02	-0.01
B4DPQ0	0.02103	0.00487	0.70319	0.838	0.59403	0.40123	0.59	0.67	-0.06	0.04	0.01	0.01
A0A0J9YX35	0.02131	0.1397	0.20575	0.4716	0.51293	0.79347	0.93	0.54	-0.33	0.22	0.03	0.01
Q15485	0.02364	0.38207	0.3918	0.60788	0.67412	0.60287	-0.69	-0.25	0.18	0.12	-0.01	-0.01
A0A087X1J7;P22352	0.0248	0.07561	0.08379	0.21066	0.61662	0.29114	0.81	0.58	-0.41	0.34	0.02	0.02
A0A140TA49	0.02708	0.14245	0.15509	0.4794	0.76962	0.31034	1.59	0.96	-0.65	0.37	-0.02	0.04
P08603	0.02743	0.00543	0.24337	0.54427	0.49213	0.06887	0.35	0.41	-0.12	-0.07	-0.01	0.02
A0A0B4J1Y9	0.02894	0.26051	0.27307	0.15087	0.77837	0.57132	1.23	0.57	-0.4	0.61	0.02	0.02
P04217	0.02896	0.00807	0.33737	0.96782	0.29444	0.25161	0.63	0.71	-0.18	-0.01	-0.03	0.02
P18428	0.03126	0.00026	0.73138	0.63135	0.44312	0.3098	1.32	2.17	-0.13	-0.22	-0.05	0.04
A0A0C4DH36	0.03135	0.21661	0.11777	0.46535	0.90394	0.68771	0.61	0.32	-0.29	0.16	0	0.01
P04114	0.0329	0.47101	0.08774	0.32412	0.71352	0.10289	0.92	0.28	-0.48	0.32	0.02	0.04
A0A087X0Q4	0.03319	0.07396	0.74336	0.33559	0.9218	0.67115	0.6	0.46	0.06	0.21	0	-0.01
P61626	0.03508	0.01095	0.86535	0.45398	0.72777	0.63835	1.07	1.2	-0.06	0.29	0.02	0.01
P02765	0.03522	0.01884	0.71141	0.09012	0.88865	0.57345	-0.39	-0.4	-0.04	-0.24	0	-0.01
A0A0A0MT36	0.03527	0.04172	0.30376	0.29292	0.1793	0.92947	1.2	1.06	-0.38	0.45	0.08	0
A0A1W2PP64	0.03539	0.0226	0.36154	0.33658	0.43202	0.44025	-1.03	-1.04	-0.29	-0.37	-0.04	0.02
P01019	0.03606	0.02402	0.10872	0.25227	0.47855	0.12533	0.69	0.69	-0.35	0.29	-0.02	0.03
Q9BXR6	0.03709	0.00354	0.33426	0.72783	0.35478	0.53504	0.65	0.87	0.2	-0.08	0.03	0.01
A0A0G2JMB2	0.03825	0.01954	0.44502	0.98755	0.20156	0.62135	0.74	0.77	0.17	0	0.05	0.01
P19827	0.03903	0.03222	0.8947	0.85738	0.45869	0.8287	0.44	0.42	0.02	-0.03	0.02	0
P19652	0.03978	0.00334	0.45734	0.97067	0.92228	0.99618	0.71	0.95	-0.16	-0.01	0	0
P29622	0.04022	0.60646	0.05935	0.92668	0.46626	0.16358	0.75	-0.17	-0.46	0.03	0.03	0.03
P06727	0.0415	0.86619	0.41352	0.05834	0.79282	0.03346	1.01	0.07	-0.26	0.72	-0.01	0.06
P02745	0.0453	0.03438	0.90124	0.16242	0.93165	0.92051	0.46	0.45	-0.02	0.25	0	0
A0A0B4J1U7	0.04533	0.3014	0.35431	0.12616	0.27689	0.34557	1.31	0.61	-0.39	0.76	0.07	-0.04
P06331	0.04818	0.01458	0.84042	0.87878	0.77903	0.92706	0.92	1.05	-0.06	-0.05	0.01	0
P25311	0.04943	0.11462	0.96842	0.80514	0.98374	0.08056	0.52	0.38	0.01	0.05	0	0.03
O15439;O15439-2;O15439-3;O15439-4	0.04995	0.32243	0.90273	0.07683	0.60636	0.74008	0.6	0.29	-0.02	0.37	0.01	-0.01
A0A0C4DH34	0.05021	0.12227	0.71869	0.41903	0.61051	0.94154	0.61	0.44	-0.07	0.19	0.02	0
P60709;P63261	0.05035	0.63002	0.62378	0.60776	0.42043	0.6986	0.94	0.21	0.15	0.19	0.04	-0.01
P15814	0.05037	0.1184	0.33276	0.9023	0.7533	0.33376	1.26	0.91	-0.4	-0.06	0.02	0.04
A0A182DWH7;P49908	0.05191	0.50368	0.52491	0.78839	0.94649	0.35429	0.43	0.13	-0.09	0.04	0	0.01
P00747	0.05333	0.08398	0.3272	0.60356	0.90656	0.20857	0.31	0.25	-0.1	0.06	0	0.01
A0A0C4DH35	0.05758	0.03984	0.97542	0.8171	0.03366	0.8624	0.35	0.34	0	0.03	0.04	0
P01871	0.06027	0.22296	0.21044	0.87519	0.76996	0.12407	0.7	0.41	-0.3	0.04	-0.01	-0.03
P08697	0.06215	0.03154	0.86188	0.9879	0.83737	0.73372	0.51	0.54	-0.03	0	0.01	0.01
P68871	0.06269	0.879	0.18237	0.50149	0.19354	0.85888	1.6	0.12	-0.75	0.44	0.12	-0.01
K7ERG9;P00746	0.06545	0.11471	0.28062	0.63955	0.65349	0.02664	0.8	0.64	-0.32	0.15	-0.02	0.06
P07360	0.06569	0.05631	0.31567	0.07495	0.85958	0.35175	0.33	0.31	-0.12	0.24	0	0.01
Q92905	0.06641	0.09031	0.47495	0.92902	0.66431	0.81561	-0.42	-0.37	-0.1	-0.02	-0.01	0
P01766	0.06702	0.18005	0.84701	0.15584	0.31127	0.64927	0.4	0.26	-0.03	0.23	0.02	0.01
P23142	0.06732	0.22201	0.65175	0.81623	0.32139	0.43946	-0.47	-0.29	-0.08	-0.05	-0.03	0.01
C9JB55	0.06888	0.28711	0.41804	0.86368	0.52588	0.99981	0.42	0.22	-0.13	0.03	0.01	0
A0A0C4DH67	0.071	0.30558	0.16694	0.10992	0.30629	0.52791	0.87	0.43	-0.4	0.57	0.05	0.02
P02750	0.07674	0.00294	0.78252	0.34472	0.67442	0.57947	0.92	1.47	0.09	0.37	-0.02	0.02
A0A0A0MRJ7;P12259	0.07916	0.0585	0.37566	0.77283	0.83682	0.02926	0.5	0.5	-0.16	-0.06	-0.01	0.04
P27918	0.07996	0.17058	0.89714	0.63436	0.68286	0.41969	0.63	0.45	0.03	-0.13	0.02	0.02
G3V0E5;P02786	0.08136	0.29836	0.40179	0.05328	0.21043	0.36423	-0.38	-0.21	0.11	-0.31	0.03	-0.01
B0YIW2;P02656	0.08214	0.56316	0.14446	0.52076	0.8633	0.11406	0.76	0.23	-0.42	0.21	-0.01	0.04
P05155;P05155-3	0.08253	0.09976	0.16086	0.70526	0.90263	0.47661	0.77	0.67	-0.41	0.13	0.01	0.02
P01704	0.08487	0.24557	0.81259	0.45628	0.6461	0.91975	-1.86	-1.04	-0.14	-0.58	0.05	0.01
P19320	0.08848	0.29524	0.76431	0.76777	0.08839	0.5017	-0.35	-0.19	-0.04	0.04	-0.04	0.01
P06312	0.09038	0.27155	0.72633	0.04509	0.19431	0.53355	1.19	0.7	-0.16	1.1	0.1	-0.03
P02787	0.09281	0.79442	0.34873	0.70616	0.31862	0.37637	0.3	-0.04	-0.11	0.05	0.02	-0.01
P01008	0.09288	0.01989	0.93247	0.77878	0.92736	0.22444	-0.29	-0.37	0.01	-0.04	0	-0.01
G3XAK1;P26927	0.09607	0.09578	0.35206	0.09867	0.56031	0.16222	0.5	0.46	0.18	0.38	-0.02	0.02
A0A0B4J1U3	0.09749	0.00581	0.23876	0.4202	0.03918	0.85208	-0.79	-1.36	-0.38	0.3	0.1	0
P09871	0.09785	0.36456	0.77689	0.10462	0.97948	0.82524	0.28	0.14	0.03	0.21	0	0
J3KPA1;P54108;P54108-2;P54108-3	0.10421	0.05523	0.09948	0.69385	0.10756	0.31762	0.29	0.33	0.15	0.04	0.02	0.01
P05543	0.10439	0.08444	0.13713	0.58866	0.50756	0.83182	0.53	0.52	-0.32	0.14	-0.02	0
P06681	0.10505	0.09029	0.70847	0.48114	0.73618	0.74939	0.57	0.55	-0.09	0.19	-0.01	0.01
P01860	0.1054	0.07858	0.88933	0.79955	0.32675	0.79809	-0.63	-0.63	0.04	-0.08	-0.04	-0.01
A0A0B4J2H0	0.10682	0.89568	0.81641	0.019	0.6869	0.55122	-1.04	-0.08	0.1	-1.22	-0.03	-0.02
A0A0B4J1V6	0.1085	0.36388	0.27535	0.76925	0.58587	0.99357	0.63	0.3	-0.27	-0.09	0.02	0
P01706	0.10993	0.15192	0.23354	0.40226	0.83063	0.6474	0.56	0.46	-0.27	0.22	0.01	-0.01
A0A075B7D0	0.1156	0.22307	0.5224	0.43856	0.77945	0.54275	1.11	0.79	0.3	-0.43	0.02	0.03
A6XND0;A6XND1;P17936;P17936-2	0.1165	0.45863	0.49287	0.75074	0.51543	0.41629	0.6	0.26	-0.17	-0.09	-0.03	-0.02
A0A0C4DH72	0.11756	0.10508	0.91583	0.85885	0.24569	0.6648	0.95	0.9	-0.04	0.08	0.07	0.02
P01780	0.12484	0.32232	0.83692	0.3538	0.12284	0.80782	1.12	0.67	-0.1	0.51	0.12	-0.01
B4E1Z4	0.12824	0.00872	0.42431	0.83763	0.54736	0.49688	0.49	0.8	0.17	0.05	-0.02	0.01
P02763	0.1296	8.00E-04	0.3908	0.84959	0.70082	0.69514	0.45	0.98	0.17	-0.04	-0.01	-0.01
A0A075B7B8	0.13133	0.74435	0.1683	0.41536	0.14265	0.22984	0.38	0.08	-0.24	0.16	0.04	-0.02
Q96KN2	0.1323	0.31128	0.55715	0.60783	0.79489	0.8324	0.81	0.53	0.18	-0.18	-0.01	0.01
P01834	0.13986	0.4946	0.09485	0.66511	0.4508	0.93376	0.37	0.16	-0.28	0.08	0.02	0
P02749	0.14102	0.32841	0.57878	0.63249	0.98503	0.2306	0.53	0.32	0.13	0.13	0	0.03
A0A075B6K4	0.14628	0.80398	0.25844	0.29053	0.10523	0.66873	-0.5	0.08	0.26	-0.28	0.06	-0.01
P04003	0.14805	0.04965	0.38725	0.01357	0.66499	0.00895	-0.18	0.22	-0.07	-0.24	0.01	0.02
A0A0B4J2B5	0.15082	0.20918	0.92916	0.87502	0.07779	0.10547	-0.41	-0.33	0.02	-0.03	0.05	-0.03
Q96PD5	0.15303	0.88996	0.10984	0.87152	0.44871	0.30677	0.37	0.03	-0.28	-0.03	-0.02	0.02
H0Y512;Q9HDC9	0.15447	0.34681	0.87684	0.94668	0.55501	0.15785	0.4	0.25	-0.03	0.01	0.01	0.02
P01742	0.15449	0.0605	0.98411	0.05006	0.2253	0.05298	0.83	1.04	-0.01	-0.94	0.08	-0.07
P04430	0.15559	0.2403	0.58002	0.97503	0.69268	0.25301	-0.89	-0.7	-0.22	0.01	-0.02	-0.04
P02652;V9GYM3	0.15709	0.50355	0.11697	0.6143	0.94972	0.48799	0.58	0.25	-0.42	0.16	0	0.02
P07358	0.16704	0.02715	0.32351	0.68255	0.55228	0.19096	0.35	0.53	-0.17	0.08	0.02	0.02
P01597;P04432	0.17041	0.21657	0.48689	0.85264	0.95288	0.83081	-0.82	-0.73	-0.25	0.08	0	0.01
A0A0G2JS06	0.17393	0.61498	0.8013	0.73292	0.50013	0.43523	-0.69	-0.24	-0.08	-0.14	-0.04	-0.02
P23083	0.17877	0.15696	0.49811	0.61019	0.88588	0.9037	-0.41	-0.39	-0.13	-0.12	0	0
Q13790	0.18028	0.7596	0.66241	0.21369	0.20653	0.76898	0.53	0.11	-0.11	0.37	0.05	0.01
A0A0C4DH31	0.18413	0.81946	0.15891	0.07447	0.36043	0.16052	-0.54	0.08	0.38	-0.56	0.04	-0.03
P07225	0.18483	0.16274	0.21373	0.93163	0.37986	0.02265	0.24	0.24	-0.15	0.01	0.02	0.03
P01593;P01594	0.18513	0.4076	0.99276	0.30273	0.37392	0.07717	-0.43	-0.24	0	-0.26	0.03	-0.03
A0A0C4DH39	0.19093	0.54835	0.52383	0.82984	0.95313	0.70197	-0.49	-0.21	-0.17	0.06	0	-0.01
P02042	0.19111	0.93917	0.34457	0.89663	0.24589	0.5127	0.98	0.05	-0.48	0.07	0.09	-0.03
P01034	0.19199	0.12615	0.53411	0.50103	0.95907	0.77912	-0.45	-0.48	-0.14	-0.18	0	0.01
P01700	0.19559	0.87987	0.54905	0.23626	0.27469	0.96347	0.41	0.04	-0.12	0.29	0.04	0
P02747	0.19802	0.31745	0.3767	0.99961	0.14222	0.43509	0.46	0.32	0.21	0	-0.05	0.02
A0A0U1RR20;Q92954;Q92954-3;Q92954-6	0.20267	0.57829	0.57223	0.50796	0.34638	0.81803	0.42	0.17	-0.12	-0.16	0.03	0
P01782	0.20551	0.18946	0.9938	0.7786	0.42586	0.58617	0.46	0.44	0	0.08	0.03	-0.01
G3V2W1;Q9UK55	0.20817	0.19204	0.19403	0.46179	0.37042	0.30447	0.43	0.42	-0.29	0.19	0.03	0.02
P04180	0.20865	0.35907	0.51297	0.22183	0.96398	0.07194	0.43	0.28	-0.15	0.32	0	0.04
P69905	0.21109	0.49861	0.30968	0.4438	0.19064	0.473	0.87	-0.43	-0.47	0.41	0.1	-0.03
P01718	0.21752	0.97932	0.12964	0.19787	0.22895	0.86089	-0.78	-0.02	-0.65	-0.62	0.08	0.01
E9PHK0;P05452	0.22164	0.00612	0.55336	0.43269	0.0554	0.5929	-0.38	-0.82	-0.12	0.19	0.06	0.01
P20742	0.22275	0.08278	0.94057	0.34702	0.36899	0.51985	1.15	1.5	-0.05	0.69	-0.09	0.04
Q9NZP8	0.22301	0.18754	0.17534	0.52363	0.69492	0.4532	0.43	0.42	-0.31	-0.17	-0.01	0.02
P19823	0.23035	0.15609	0.64738	0.59649	0.56527	0.88261	0.22	0.24	0.06	-0.08	0.01	0
O43866	0.23415	0.66952	0.30745	0.9085	0.59536	0.112	0.39	0.13	-0.22	0.03	-0.02	-0.03
A0A0B4J1V0	0.23785	0.48844	0.04754	0.66941	0.38728	0.90825	0.68	0.36	-0.76	0.19	0.05	0
P01817	0.24264	0.18909	0.6268	0.67456	0.45861	0.86732	-0.59	-0.63	-0.12	0.12	0.03	0
P00915	0.24864	0.98845	0.96986	0.45614	0.86303	0.93662	0.56	-0.01	0.01	0.26	-0.01	0
A0A075B6I9	0.25312	0.16798	0.90746	0.18063	0.96155	0.14229	-0.51	-0.58	0.04	0.48	0	-0.03
A0A075B7D8	0.25462	0.82112	0.67216	0.28948	0.48449	0.82593	-0.67	-0.12	0.16	-0.48	-0.04	0.01
P43652	0.2549	0.81239	0.11175	0.91169	0.95318	0.53566	0.33	0.06	-0.31	-0.02	0	0.01
P08185	0.2588	0.29751	0.12388	0.54628	0.41391	0.45434	0.52	0.45	-0.46	0.21	0.04	0.02
P01861	0.26027	0.73488	0.59035	0.64863	0.91683	0.48681	0.73	-0.2	-0.23	0.23	0.01	-0.03
P04196	0.26132	0.73441	0.66999	0.76207	0.77377	0.43518	0.3	-0.08	0.07	-0.06	0.01	0.01
P00748	0.26388	0.66433	0.31831	0.25631	0.32202	0.91118	0.4	-0.14	-0.23	0.31	0.04	0
Q68DL7	0.27103	0.54346	0.74697	0.78713	0.74714	0.51247	-0.47	-0.21	0.09	-0.09	-0.01	-0.02
P55058	0.28444	0.03744	0.00384	0.5013	0.72689	0.75315	-0.34	-0.65	-0.59	0.15	0.01	0.01
A0A096LPE2	0.28461	0.18228	0.69067	0.67916	0.51497	0.39232	0.52	0.6	-0.13	0.15	-0.03	0.02
A0A0C4DH73;P01611	0.29685	0.33253	0.47333	0.69307	0.53486	0.0455	-0.51	-0.44	-0.24	-0.15	0.03	0.06
P01714	0.306	0.95639	0.67066	0.16716	0.77747	0.99121	-0.6	0.03	-0.17	-0.64	-0.02	0
A0M8Q6	0.30808	0.82187	0.21274	0.61842	0.71822	0.7584	-0.53	-0.11	-0.35	-0.16	-0.02	-0.01
P55290;P55290-4	0.31519	0.47008	0.87866	0.41957	0.82528	0.93118	-0.13	-0.08	0.01	-0.09	0	0
P04275	0.31713	0.88107	0.16061	0.52797	0.27852	0.42705	-0.67	0.09	-0.61	0.31	-0.07	0.03
A0A0A0MS15	0.31934	0.25127	0.30709	0.72835	0.30124	0.52602	0.51	0.54	-0.35	-0.14	0.06	0.02
E7ETH0;G3XAM2;P05156	0.322	0.10802	0.64678	0.76175	0.68904	0.22551	0.19	0.29	0.06	0.04	-0.01	0.01
P01601	0.33061	0.70674	0.57575	0.0676	0.33074	0.49362	0.34	0.13	0.13	0.48	0.03	-0.01
A0A024R0T9;K7ER74;P02655	0.33131	0.65237	0.0177	0.76834	0.98105	0.03776	0.49	-0.22	-0.77	0.11	0	0.06
A0A075B6K5	0.33931	0.66575	0.19884	0.49141	0.28835	0.47628	0.32	0.13	-0.28	-0.18	0.04	-0.01
A0A0A0MS09;P01880;P01880-2	0.34265	0.43892	0.62856	0.35906	0.72351	0.69536	0.83	0.6	0.28	0.64	0.03	0.02
A0A0C4DH33	0.34432	0.30242	0.90782	0.65281	0.4362	0.58977	-0.49	-0.49	-0.04	-0.18	-0.04	-0.02
Q06033;Q06033-2	0.34668	0.00578	0.12092	0.00366	0.82344	0.47532	0.23	0.65	0.26	0.58	-0.01	0.01
P01762	0.35657	0.5259	0.48186	0.21905	0.83176	0.22182	-0.33	-0.2	0.18	-0.37	0.01	-0.03
Q08211	0.36105	0.53472	0.51068	0.76109	0.53224	0.44933	-0.25	-0.15	0.11	-0.06	-0.02	0.01
A0A0J9YXX1	0.36342	0.80731	0.1525	0.75535	0.90293	0.29343	1.23	-0.24	-1.23	0.37	0.02	-0.09
P0DOY2	0.37099	0.33751	0.48651	0.50892	0.94424	0.29807	-0.21	-0.21	0.11	-0.12	0	-0.01
P02768	0.37628	0.78739	0.09282	0.27543	0.78616	0.8444	0.15	-0.04	-0.19	-0.14	0	0
A0A075B6H9	0.38179	0.57907	0.34276	0.42408	0.79905	0.42664	0.46	0.27	-0.33	0.31	0.01	-0.02
P15169	0.38212	0.28306	0.1285	0.81374	0.70976	0.38863	0.31	0.36	-0.37	0.07	0.01	0.02
Q16610	0.38219	0.25019	0.58927	0.92144	0.30292	0.92922	-0.35	-0.42	-0.14	0.03	-0.04	0
A0A0J9YVT0;P0DP02	0.39528	0.4471	0.89306	0.96457	0.60431	0.46866	0.2	0.16	-0.02	0.01	0.01	-0.01
D6R934;P02746	0.39775	0.69083	0.41054	0.7998	0.36685	0.51067	0.3	0.13	0.19	0.07	-0.03	0.01
Q9Y6R7	0.41701	0.08482	0.82661	0.68448	0.35196	0.23299	0.33	0.65	0.06	0.13	-0.04	0.03
P14151;P14151-2	0.42221	0.18228	0.20789	0.15696	0.16762	0.71323	0.29	0.47	-0.31	-0.42	0.05	-0.01
O14791;O14791-2	0.42727	0.1054	0.26398	0.26666	0.72795	0.50387	0.32	0.6	-0.3	-0.34	-0.01	0.02
Q9UGM5	0.43305	0.03713	0.47712	0.38308	0.56913	0.70826	-0.21	-0.52	-0.12	-0.18	-0.02	-0.01
P01701	0.4354	0.84139	0.22353	0.78131	0.87434	0.64838	-0.27	0.06	-0.28	-0.07	0.01	-0.01
P03951;P03951-2	0.44541	0.96139	0.58285	0.69757	0.555	0.0837	0.51	-0.03	-0.16	-0.14	0.03	0.05
P0DJI9	0.44667	0.73256	0.73091	0.18924	0.65248	0.67951	-1.19	0.54	0.28	1.19	0.06	0.03
C9JF17;P05090	0.44752	0.96035	0.8175	0.45586	0.70402	0.21981	0.22	0.01	-0.04	0.17	-0.01	0.02
P23142-4	0.45633	0.82164	0.19791	0.37149	0.49007	0.59262	0.2	0.06	-0.22	-0.19	0.02	0.01
O75882-2	0.46291	0.92013	0.1031	0.35661	0.72805	0.29561	0.2	0.03	-0.3	0.2	-0.01	0.02
D6RF35	0.46838	0.89617	0.40906	0.76895	0.50115	0.03602	-0.4	0.07	-0.32	-0.13	-0.04	0.07
P32119	0.47572	0.72108	0.32637	0.52511	0.05064	0.27706	0.42	-0.19	-0.4	-0.29	0.12	-0.04
A0A0B4J2D9;P0DP09	0.47594	0.98691	0.40004	0.28441	0.83049	0.42614	-0.59	0.01	-0.47	-0.73	-0.02	0.04
A0A0A0MT69	0.48486	0.87034	0.9366	0.67859	0.56652	0.87971	0.33	0.07	0.03	0.15	-0.03	0
P01876	0.4849	0.24091	0.39728	0.6502	0.16954	0.49819	0.25	0.39	0.2	-0.12	0.05	0.01
A0A0B4J1V2	0.49049	0.16009	0.78758	0.26722	0.93355	0.51152	-0.35	-0.7	-0.08	0.37	0	-0.02
E9PFZ2	0.50142	0.62313	0.90412	0.77139	0.42451	0.8713	-0.86	-0.51	0.1	-0.29	-0.12	0.01
P02741	0.50457	0.00853	0.57677	0.49337	0.78143	0.5686	0.8	3.16	0.4	-0.54	-0.03	0.03
A0A075B6P5;P01615	0.51344	0.63767	0.81177	0.97156	0.75996	0.19279	0.26	0.17	0.06	-0.01	-0.01	-0.03
P36980;P36980-2	0.51849	0.36376	0.25003	0.58542	0.07492	0.14586	-0.23	0.3	0.28	-0.15	-0.07	0.03
G3XAP6;P49747	0.51972	0.11651	0.71804	0.01734	0.51528	0.75149	0.12	-0.25	0.04	0.37	-0.01	0
A0A075B6I0	0.52011	0.79991	0.36445	0.85053	0.83164	0.70287	-0.52	-0.19	0.49	0.12	0.02	0.02
P27169	0.52314	0.9741	0.2366	0.9385	0.99682	0.29593	0.21	-0.01	-0.25	-0.02	0	0.02
P00734	0.52437	0.16584	0.57068	0.36263	0.5034	0.2356	0.09	0.18	-0.05	-0.1	0.01	0.01
P02649	0.52609	0.41004	0.02353	0.74383	0.8431	0.29271	0.23	0.27	-0.55	-0.09	0.01	0.02
A0A075B6J9	0.52902	0.05351	0.08059	0.94438	0.05389	0.1921	-0.19	-0.56	-0.37	-0.02	0.06	-0.02
P07195	0.52913	0.50165	0.94309	0.53045	0.85965	0.45948	-0.25	-0.23	0.02	-0.14	-0.01	-0.01
P01699	0.53536	0.67742	0.21721	0.42736	0.12318	0.73038	-0.26	0.16	-0.34	-0.26	0.07	0.01
P22891;P22891-2	0.53709	0.69677	0.92279	0.92664	0.82078	0.58815	0.18	0.11	-0.02	0.02	-0.01	0.01
E7END6;P04070;P04070-2	0.54464	0.71252	0.07024	0.83397	0.74952	0.06458	0.21	-0.12	-0.38	-0.05	0.01	0.03
P41222	0.559	0.61828	0.76989	0.61626	0.41277	0.36479	-0.24	-0.19	0.08	0.15	-0.03	0.02
H0Y2P0;H0Y5E4;H0YCV9;H0YDW7;H0YDX6;P16070;P16070-10;P16070-11;P16070-12;P16070-13;P16070-14;P16070-15;P16070-16;P16070-17;P16070-18;P16070-3;P16070-4;P16070-5;P16070-6;P16070-7;P16070-8;P16070-9	0.56107	0.56195	0.97057	0.2924	0.7534	0.60217	-0.1	0.09	0	-0.13	-0.01	0
P13796	0.56406	0.53477	0.77109	0.4787	0.74843	0.05599	-0.21	-0.22	-0.07	-0.18	-0.01	0.04
O95445	0.56963	0.49147	0.49889	0.66541	0.85882	0.14929	-0.13	-0.14	-0.1	-0.08	0	0.02
P00450	0.57688	0.02643	0.59199	0.75812	0.94387	0.82736	0.12	0.45	-0.08	-0.05	0	0
P51884	0.58323	0.74419	0.06645	0.84527	0.77814	0.15099	0.19	-0.1	-0.43	0.05	0.01	0.03
P22792	0.58613	0.66448	0.79198	0.997	0.30327	0.40438	-0.11	0.08	0.03	0	-0.02	0.01
A0A286YEY5;P01877	0.59622	0.63366	0.30667	0.2247	0.00668	0.11057	-0.28	-0.23	-0.36	-0.5	0.16	0.05
Q04756	0.6016	0.4597	0.06495	0.69068	0.64942	0.17534	0.16	-0.21	-0.39	0.1	-0.01	0.03
P01709	0.60378	0.47901	0.63721	0.75736	0.64362	0.81844	0.21	0.27	-0.12	-0.09	0.02	-0.01
A0A0C4DH55;A0A0C4DH90	0.60738	0.60468	0.98852	0.08626	0.7178	0.68808	0.21	0.19	0	-0.55	0.02	0.01
P43251;P43251-2;P43251-3;P43251-4	0.60878	0.3186	0.61702	0.7769	0.49633	0.25535	0.18	0.32	0.12	0.08	0.03	0.02
Q92496;Q92496-2	0.60999	0.2161	0.22033	0.68472	0.52435	0.61044	0.23	0.53	0.36	-0.14	0.03	-0.01
A0A075B6R2	0.62613	0.63192	0.72714	0.13941	0.17809	0.10983	-0.13	-0.12	0.06	-0.31	0.04	-0.03
P01344;P01344-3	0.6315	0.83781	0.40388	0.56648	0.63695	0.63275	0.09	-0.04	-0.11	-0.08	0.01	-0.01
P80748	0.63246	0.56413	0.44174	0.44068	0.95984	0.83202	-0.37	-0.4	0.36	-0.42	0	-0.01
O00187	0.65376	0.3478	0.19503	0.39121	0.70452	0.58565	-0.14	-0.24	-0.24	-0.19	-0.01	-0.01
A0A0B4J1Y8	0.65669	0.84762	0.59726	0.65719	0.70921	0.51005	-0.24	-0.09	0.18	0.19	0.02	-0.02
A0A087X0M8;O00533;O00533-2	0.66709	0.34552	0.84541	0.74936	0.8604	0.32167	0.08	0.16	0.02	0.04	0	0.01
P20851;P20851-2	0.67464	0.41088	0.06277	0.79281	0.69068	0.12676	0.1	0.18	-0.3	-0.05	0.01	0.02
F5H8B0;P08709;P08709-2	0.68441	0.52137	0.5565	0.26212	0.02481	0.78829	0.07	0.12	0.07	0.16	-0.04	0
F8WF14;P06276	0.68505	0.35396	0.55489	0.74502	0.56373	0.44963	-0.13	-0.28	-0.12	0.07	0.02	0.01
P02751-14;P02751-8	0.69023	0.97807	0.62094	0.18976	0.37476	0.18199	0.17	-0.01	-0.14	0.43	-0.04	0.03
P48740	0.69644	0.77744	0.14104	0.39492	0.91291	0.08469	0.12	0.08	-0.29	0.2	0	0.03
A0A087WSY6	0.70106	0.8355	0.46102	0.95915	0.65285	0.84534	0.12	-0.06	-0.15	0.01	-0.01	0
P01602	0.70134	0.68471	0.8228	0.58471	0.1371	0.26303	0.21	-0.2	0.08	-0.23	0.09	-0.04
Q6UXB8;Q6UXB8-2	0.70198	0.28781	0.33277	0.50147	0.56929	0.5879	0.06	-0.17	-0.11	0.09	0.01	-0.01
O00391	0.70875	0.2038	0.82225	0.5388	0.21955	0.41291	0.13	0.41	-0.06	-0.17	-0.05	0.02
P02751;P02751-15;P02751-3;P02751-7	0.71326	0.73915	0.50665	0.91363	0.12093	0.42064	0.1	0.08	0.12	-0.02	-0.05	0.01
A0A0J9YY99	0.71661	0.55575	0.75269	0.73203	0.5857	0.12723	0.1	-0.15	-0.06	0.08	0.02	-0.03
P01624	0.72283	0.31346	0.98814	0.5511	0.20256	0.68717	0.13	0.34	0	-0.17	-0.05	-0.01
P02774;P02774-3	0.72488	0.05848	0.03228	0.97103	0.25763	0.30842	0.05	0.26	-0.21	0	-0.02	0.01
P01619	0.72648	0.54874	0.31017	0.93516	0.96942	0.93446	-0.09	-0.15	0.18	0.02	0	0
P04433	0.74115	0.36107	0.06893	0.94486	0.46136	0.02555	-0.12	-0.3	0.44	0.02	-0.03	-0.05
P05534;P30447	0.74319	0.27299	0.32414	0.51664	0.64225	0.75259	0.18	0.57	0.36	-0.28	0.03	0.01
P01042	0.75097	0.75204	0.32888	0.68416	0.43343	0.0844	0.05	0.04	-0.09	-0.05	0.01	0.02
P01023	0.75111	0.74148	0.26253	0.32705	0.86211	0.80185	0.12	-0.12	-0.29	0.3	-0.01	-0.01
Q15848	0.76672	0.83813	0.32158	0.43888	0.5493	0.21701	-0.07	0.05	-0.16	-0.16	0.02	0.02
A0A0C4DH25	0.76808	0.0996	0.63618	0.58875	0.9263	0.0562	-0.1	-0.5	0.1	-0.14	0	-0.04
A0A087WSX0	0.77074	0.6332	0.73997	0.97706	0.91757	0.70051	0.16	0.25	0.14	-0.01	0.01	-0.01
P08571	0.77365	0.16339	0.19988	0.75757	0.71669	0.85004	-0.1	0.45	-0.28	0.08	-0.01	0
A0A075B6I4;A0A1W2PQ80	0.77589	0.49094	0.1877	0.78003	0.25819	0.73472	-0.18	-0.43	-0.49	-0.13	0.07	-0.01
A0A075B6S2;A2NJV5	0.78126	0.88779	0.49333	0.11608	0.28687	0.9977	0.17	-0.08	0.24	0.67	-0.06	0
P33151	0.78343	0.89818	0.81172	0.6116	0.92469	0.99181	0.06	0.03	0.03	-0.09	0	0
P04004	0.78493	0.13053	0.45426	0.87685	0.32554	0.74658	0.04	0.21	-0.07	-0.02	-0.02	0
Q12805;Q12805-2;Q12805-4	0.78582	0.85659	0.6028	0.93727	0.21188	0.06781	-0.09	-0.05	-0.11	-0.02	-0.04	0.04
P01743	0.78717	0.25994	0.95393	0.71533	0.27607	0.95952	0.11	0.43	-0.02	-0.12	-0.05	0
P08519	0.79584	0.6185	0.19426	0.68878	0.92759	0.38528	-0.2	0.35	0.66	0.23	-0.01	0.04
P01703	0.80093	0.89496	0.28276	0.29537	0.80251	0.87334	-0.12	0.06	-0.35	-0.4	-0.01	0
A0A075B6Q5	0.80442	0.84834	0.17215	0.05899	0.55969	0.72388	0.13	-0.1	0.37	0.56	-0.02	0.01
P04211	0.80788	0.35456	0.83895	0.54037	0.2847	0.09836	0.08	0.29	-0.05	0.16	0.04	-0.03
A0A075B6S9	0.8117	0.52371	0.48068	0.77886	0.63643	0.21151	-0.11	-0.27	-0.22	0.1	-0.02	0.03
Q5T7N2	0.81764	0.17246	0.7526	0.70639	0.89976	0.19931	-0.22	-1.19	-0.2	0.27	0.01	-0.07
A0A075B6S5	0.82278	0.54548	0.71994	0.38554	0.88108	0.35157	-0.1	-0.26	-0.11	0.28	-0.01	0.02
P01857	0.83758	0.96412	0.66382	0.41723	0.90635	0.40637	-0.04	-0.01	0.06	-0.13	0	-0.01
P0DJI8	0.83961	0.01029	0.35091	0.78605	0.21888	0.86536	0.28	3.35	0.85	-0.29	-0.18	0.01
C9JEE0	0.84143	0.93183	0.11141	0.51971	0.80193	0.13549	0.08	0.03	0.4	0.21	-0.01	-0.03
P05160	0.86333	0.92087	0.41169	0.91459	0.57792	0.04978	-0.03	-0.02	-0.11	0.02	0.01	0.02
P00739	0.86847	0.32713	0.43382	0.34856	0.68642	0.2068	0.09	0.5	-0.29	-0.4	-0.02	0.04
P61769	0.86983	0.27851	0.88121	0.6765	0.37623	0.66454	-0.06	0.37	0.04	0.12	-0.03	-0.01
A0A0C4DH38	0.87841	0.8638	0.20964	0.91791	0.65322	0.50881	0.08	0.08	-0.42	0.04	0.02	-0.02
P01591	0.88104	0.56565	0.9039	0.70702	0.28745	0.12323	0.05	-0.16	-0.02	0.09	0.03	-0.03
H0YAC1;P03952	0.88184	0.96018	0.67327	0.77007	0.22238	0.03602	-0.03	-0.01	-0.05	-0.04	-0.02	0.02
A0A0B4J1X5	0.88836	0.03759	0.85262	0.21136	0.43045	0.92669	-0.06	-0.83	0.05	0.41	-0.04	0
P35443	0.89271	0.21132	0.47365	0.75482	0.27358	0.51004	-0.04	-0.33	0.14	0.07	0.03	-0.01
A0A075B6I1	0.89351	0.39874	0.51723	0.40538	0.62242	0.37653	0.08	0.56	-0.28	-0.41	0.03	-0.03
P01042-2	0.89743	0.78022	0.22913	0.0698	0.94567	0.43969	0.05	0.1	-0.31	-0.55	0	0.02
Q6EMK4	0.90468	0.72303	0.55289	0.4998	0.75488	0.21015	-0.02	-0.05	-0.07	-0.08	0	0.01
A0A0B4J1X8	0.90806	0.68726	0.85682	0.84674	0.86262	0.4754	-0.05	0.16	0.05	0.06	-0.01	-0.02
P06310	0.91355	0.93992	0.46583	0.52644	0.09043	0.62758	-0.03	-0.02	-0.11	-0.11	0.04	-0.01
A0A0B4J231;B9A064	0.93351	0.82328	0.22658	0.75815	0.76297	0.63719	-0.04	-0.09	0.36	0.11	-0.01	-0.01
P10643	0.93685	0.29305	0.12691	0.71949	0.38759	0.03376	0.02	0.23	-0.24	0.06	-0.02	0.03
P01717	0.93987	0.85908	0.77695	0.56525	0.57653	0.354	-0.03	0.07	0.08	-0.18	0.02	-0.02
A0A0C4DH24	0.94207	0.64531	0.35164	0.64763	0.96564	0.75527	-0.04	-0.21	-0.33	0.18	0	0.01
Q08380	0.95629	0.64063	0.34826	0.96925	0.79191	0.65621	-0.04	0.27	-0.4	0.02	-0.02	0.02
P01833	0.95765	0.81253	0.08696	0.72619	0.73288	0.70991	-0.02	0.08	-0.39	-0.1	0.01	0.01
A0A1W2PQB1;H0Y755;M9MML0;P08637	0.96213	0.18899	0.37119	0.62728	0.41118	0.77997	0.01	0.38	-0.18	-0.12	0.03	0.01
P01705	0.96249	0.18906	0.51786	0.39133	0.17594	0.35409	-0.02	0.55	0.2	0.31	0.06	-0.03
P01599	0.97559	0.29241	0.02704	0.73067	0.28088	0.76695	-0.02	-0.58	-0.85	0.15	0.06	-0.01
A0A0C4DFP6;Q9NQ79;Q9NQ79-2	0.97659	0.50141	0.59135	0.93422	0.39555	0.65939	0.01	-0.2	0.11	-0.02	-0.03	0.01
Q03591	0.98842	0.27368	0.10433	0.79173	0.7172	0.36943	0.01	0.65	0.7	-0.13	0.02	-0.03
A0A0G2JRQ6	0.99136	0.61879	0.49103	0.28645	0.0685	0.29548	0	0.16	-0.17	-0.29	-0.07	0.02
P02753;Q5VY30	0.99293	0.1021	0.27338	0.59268	0.94321	0.26714	0	-0.55	-0.26	-0.15	0	0.02
A0A0C4DH29	0.99408	0.99722	0.86512	0.08401	0.70484	0.5246	0	0	-0.04	-0.52	0.02	-0.02